Age,Income (USD/Month)
18,14729.719535783366
19,14968.228058936578
20,15106.24253503961
21,15032.10489060489
22,15228.651002506265
23,15164.861300309598
24,15242.108597285069
25,15015.78459611772
26,14892.08306911858
27,14932.140674729471
28,14794.91120906801
29,15280.338848444739
30,15111.702479338843
31,14748.229180116205
32,15115.608201892745
33,15099.429431438128
34,14652.64947820749
35,15136.510312707918
36,15058.082790091265
37,14798.08
38,15301.147486772486
39,14862.161945812808
40,15172.335682254965
41,15028.309751434035
42,14935.977186311788
43,14832.618421052632
44,14384.132113821139
45,15122.368421052632
46,15044.892592592592
47,15321.063079777365
48,15023.009380863039
49,14659.925788497218
50,15354.087360594796
51,15192.693333333333
52,14575.82745825603
53,15394.401960784313
54,15320.357707509882
55,14966.498015873016
56,15114.600767754318
57,15203.963855421687
58,15284.845149253732
59,14641.574275362318
60,14494.079840319362
61,14953.181034482759
62,14913.273641851107
63,15369.404296875
64,15222.652985074626
65,14877.274390243903
